1. Contare quanti iscritti ci sono stati ogni anno
-2018: 912 iscritti
-2019: 1709 iscritti
-2020: 1645 iscritti
-2021: 734 iscritti

2. Contare gli insegnanti che hanno l'ufficio nello stesso edificio
-95 insegnanti 

3. Calcolare la media dei voti di ogni appello d'esame
1	16.8824
2	16.4615
3	20.3333
4	27.0000
6	17.5000
7	19.6000
8	6.5000
9	12.0000
11	17.4324
12	14.8889
13	22.0000
16	18.0526
17	19.0000
18	5.5000
19	22.0000
21	16.6176
22	15.0000
23	12.7500
24	12.0000
25	3.0000
26	19.1667
27	24.5000
31	16.9583
32	17.2500
36	20.1818
37	22.0000
41	19.5263
42	20.6000
46	17.4000
47	16.3333
51	17.4400
52	18.1667
53	11.0000
54	19.3333
56	17.4545
57	15.2000
58	9.0000
59	14.0000
61	21.6667
66	17.2000
67	22.2500
68	21.0000
71	24.0000
72	14.0000
73	26.0000
76	20.5455
77	22.0000
78	8.0000
79	32.0000
81	15.8750
82	27.0000
86	20.1538
87	13.0000
88	28.0000
91	12.1111
92	23.3333
96	18.3800
97	17.3889
98	11.3333
99	20.0000
101	16.5000
102	19.2000
103	18.8000
104	12.5000
106	17.3889
107	15.0000
108	20.0000
111	16.4681
112	15.5833
113	24.5000
116	14.2391
117	16.9412
118	19.0000
119	9.0000
121	19.5556
122	19.1667
123	12.5000
126	19.5000
127	16.7000
128	10.6000
129	24.0000
131	17.2857
132	14.9167
133	14.0000
134	12.0000
136	16.6563
137	11.3636
138	14.7500
139	4.0000
140	19.0000
141	18.8857
142	14.0000
143	10.0000
146	17.5556
147	12.7778
148	17.0000
151	17.8710
152	14.8571
153	25.0000
156	17.6250
157	16.7273
158	19.2500
161	19.3214
162	18.2857
163	7.0000
164	20.0000
166	16.5000
167	12.6000
168	8.0000
171	13.4722
172	17.1667
173	18.0000
176	17.8788
177	17.0000
178	28.6667
181	23.5294
186	19.2222
187	26.2500
191	20.1579
192	17.5000
193	19.0000
196	21.7273
197	24.0000
201	19.8000
206	19.4286
207	9.5000
208	10.5000
209	26.5000
211	14.0000
212	25.0000
213	32.0000
216	19.3158
217	13.6000
218	21.0000
221	18.8667
222	23.0000
223	26.0000
226	18.3704
227	20.4000
228	21.5000
229	4.0000
230	26.0000
231	19.0000
232	16.5000
233	29.0000
236	16.6923
237	20.6667
238	5.0000
239	10.0000
241	17.3667
242	18.8889
243	22.6667
246	20.7333
247	13.2500
248	18.0000
249	26.0000
251	12.8485
252	17.7692
253	7.6667
254	8.0000
256	18.0000
257	22.6250
258	27.5000
261	18.7931
262	19.6000
266	17.6364
267	18.3333
268	17.5000
271	19.2500
272	22.3333
273	19.0000
276	20.8333
277	21.7143
278	17.5000
281	15.0435
282	17.3333
283	33.0000
286	13.7143
287	18.7500
288	16.5000
291	18.5714
292	6.0000
296	17.4444
297	20.3333
301	21.0000
302	16.6667
303	22.0000
306	16.2000
307	12.0000
308	13.0000
309	22.0000
311	13.4000
312	22.0000
313	25.5000
316	15.7500
317	22.0000
321	19.1250
322	13.0000
323	10.0000
324	10.0000
325	22.0000
326	15.9474
327	15.5333
328	21.5000
331	18.1935
332	18.6000
333	16.5000
334	5.0000
336	15.2286
337	19.3846
338	22.6667
341	15.2903
342	17.5556
343	26.5000
346	17.1000
347	19.4444
348	19.5000
351	16.4211
352	25.1667
353	4.0000
354	15.0000
356	17.3333
357	17.6667
361	18.7692
362	23.0000
363	17.0000
366	19.1500
367	23.3333
371	16.6111
372	13.6667
373	23.0000
376	16.7500
377	21.0000
378	19.0000
379	6.0000
381	17.6818
382	14.4286
383	23.5000
384	19.0000
386	18.6897
387	19.0000
388	16.0000
389	15.0000
391	20.4091
392	17.3333
393	16.0000
396	15.7692
397	19.8000
398	14.0000
399	8.0000
400	13.0000
401	16.2941
402	18.4000
406	20.5556
407	24.0000
411	21.2000
412	7.3333
413	18.0000
416	21.2308
417	17.2500
418	20.0000
421	18.4545
422	18.7143
423	18.0000
426	15.5625
427	17.5455
428	8.0000
429	14.0000
431	18.6061
432	7.2000
433	22.0000
436	18.3000
437	11.8571
438	21.0000
439	13.0000
441	21.4643
442	14.3333
443	32.0000
446	20.9032
447	20.8333
448	25.0000
451	16.5926
452	17.0000
453	19.0000
456	20.5758
457	17.3333
461	17.7714
462	14.3636
463	15.1667
464	18.3333
466	20.6250
467	30.0000
471	19.7368
472	18.5000
473	23.0000
476	18.9333
477	15.4000
478	25.6667
481	19.6667
482	21.2500
486	22.0526
487	20.5000
488	16.0000
489	22.0000
491	18.2759
492	13.0000
493	31.0000
496	19.7879
497	16.8000
498	7.0000
499	15.0000
500	31.0000
501	17.0000
502	19.8182
503	24.0000
504	20.0000
506	17.3939
507	15.2857
511	15.9722
512	14.3636
513	16.2500
514	8.0000
515	33.0000
516	16.8889
517	15.4000
521	18.6000
522	14.8000
523	20.0000
526	15.3529
527	22.0000
528	30.0000
531	17.8750
532	24.2500
536	17.4118
537	16.8333
541	17.4583
542	12.3750
543	16.4000
544	25.0000
546	17.9167
547	15.6667
548	25.5000
551	18.0606
552	18.6667
553	28.0000
556	17.0263
557	21.6364
558	26.5000
561	20.4412
562	11.6667
563	17.0000
564	8.0000
566	18.4103
567	15.5000
568	14.6667
569	27.0000
571	17.1250
572	17.2500
573	11.3333
574	7.0000
576	17.3636
577	23.2000
578	10.0000
579	32.0000
581	16.7727
582	18.7143
586	17.2800
587	13.4286
588	24.6667
591	15.5600
592	12.2000
593	18.0000
594	9.0000
596	17.6111
597	19.3333
598	6.5000
599	7.0000
600	4.0000
601	16.8750
602	19.2222
603	18.8000
606	16.1667
607	13.7778
608	16.0000
611	15.9130
612	15.6000
613	21.3333
616	19.2121
617	22.5000
618	5.0000
619	25.0000
621	16.2647
622	17.3333
623	15.5000
624	6.0000
626	19.5122
627	17.5000
628	14.5000
629	27.0000
631	19.9524
632	11.1250
633	20.6000
634	19.5000
635	18.0000
636	17.6667
637	18.6250
638	20.5000
641	16.3158
642	16.9000
643	27.2500
646	15.7778
647	15.4545
648	16.0000
649	20.0000
651	14.1111
652	15.3333
653	5.0000
654	7.0000
656	18.3636
657	16.3333
661	19.9474
662	15.5000
666	15.9545
667	21.8750
668	20.0000
671	17.3462
672	20.5000
676	20.8800
677	21.5714
681	16.5714
682	19.5000
683	22.0000
686	14.5217
687	20.3333
688	17.5000
689	3.0000
690	26.0000
691	15.8158
692	10.9000
693	16.7500
694	8.0000
696	19.0000
697	20.2222
698	26.0000
701	18.8250
702	16.0000
703	17.0000
704	13.0000
705	16.0000
706	18.5116
707	24.5556
711	20.6410
712	14.6667
713	28.0000
716	18.6563
717	22.4000
718	3.0000
719	27.0000
721	17.2439
722	20.0833
723	27.0000
726	16.3478
727	15.7500
728	21.5000
731	16.8261
732	27.6667
736	16.0909
737	20.7143
741	16.7857
742	16.0000
743	31.0000
746	17.0370
747	20.3333
748	11.0000
749	21.0000
751	19.7500
752	21.6000
753	8.0000
756	17.8387
757	16.1667
758	27.5000
761	15.6774
762	20.2857
763	21.0000
766	17.5278
767	16.2000
768	25.5000
771	15.2000
772	15.2857
773	8.6667
774	19.5000
776	17.8889
777	19.2857
778	16.0000
781	18.4063
782	21.2500
783	25.6667
784	5.0000
785	31.0000
786	16.0606
787	21.0000
788	12.5000
789	9.0000
791	20.1111
792	12.6667
793	13.0000
794	11.0000
795	23.0000
796	17.6053
797	23.0000
798	15.5000
801	19.1579
802	17.8000
803	21.0000
806	17.4800
807	16.0000
808	7.0000
811	17.0000
812	17.4000
813	6.0000
814	26.0000
816	17.0870
817	13.5000
818	18.5000
821	19.0000
822	20.4000
823	8.5000
826	18.3500
827	8.6667
828	24.0000
829	4.0000
830	29.0000
831	12.2143
832	13.5000
833	16.0000
836	19.6667
837	26.8000
841	20.0000
842	27.0000
846	20.0882
847	20.0000
851	20.1282
852	13.8000
853	27.0000
856	20.9143
857	20.3333
858	9.0000
861	16.9722
862	21.9000
863	24.0000
866	21.2424
867	16.1429
868	27.2500
871	17.1818
872	19.0000
873	11.7500
874	6.0000
875	30.0000
876	18.1765
877	13.5000
878	28.0000
881	17.0833
882	16.2500
886	15.6667
887	17.0000
888	25.0000
891	19.9000
892	17.0000
893	16.5000
896	15.2400
897	15.3000
898	13.2000
899	7.0000
901	21.8000
902	17.3333
906	18.6429
907	8.0000
908	22.0000
911	15.5333
912	21.0000
913	4.0000
916	18.8462
917	27.0000
921	20.1250
922	22.5000
926	16.0714
927	16.4000
928	4.0000
931	19.5238
932	17.0000
933	19.0000
936	17.3600
937	16.8571
941	19.0357
942	17.5000
943	17.0000
944	13.0000
945	27.0000
946	19.0714
947	16.8889
948	16.3333
949	26.0000
951	21.6000
952	16.5000
953	33.0000
956	19.0000
957	17.6000
958	20.0000
961	17.6333
962	22.8000
963	22.0000
966	19.3030
967	15.3750
968	27.0000
971	18.1875
972	17.0000
973	11.0000
974	11.0000
975	15.0000
976	20.4000
977	19.3333
981	16.7619
982	18.7500
983	33.0000
986	18.8824
987	19.3333
988	21.0000
991	12.5625
992	14.3333
993	19.0000
996	14.4286
997	13.7778
998	18.0000
999	15.0000
1000	10.0000
1001	15.6471
1002	23.7500
1006	15.7692
1007	12.0000
1008	11.5000
1009	12.0000
1010	9.0000
1011	23.4167
1012	18.5000
1016	15.5000
1017	13.3333
1018	23.0000
1021	17.5000
1022	18.0000
1023	9.0000
1026	16.1429
1027	23.5000
1031	15.1000
1032	16.0000
1033	31.0000
1036	16.2222
1037	18.3333
1041	17.3333
1042	16.5000
1043	32.0000
1046	17.4167
1047	15.1538
1048	20.5000
1049	12.5000
1051	17.6774
1052	16.8889
1053	29.0000
1056	17.8065
1057	18.8750
1058	3.0000
1059	21.0000
1061	17.5600
1062	17.5000
1063	33.0000
1066	21.9091
1067	13.5000
1071	19.6667
1072	26.6667
1076	15.4545
1077	15.7500
1078	21.0000
1081	22.8947
1082	17.0000
1086	18.5789
1087	21.4000
1091	17.6522
1092	16.8000
1093	22.0000
1096	17.6364
1097	25.1667
1101	19.9565
1102	15.8333
1103	20.5000
1106	17.0000
1107	20.9000
1108	13.0000
1109	25.0000
1111	18.1111
1112	16.1250
1113	12.0000
1114	11.0000
1116	18.3600
1117	20.7143
1118	13.0000
1119	11.0000
1120	15.0000
1121	20.8235
1122	11.6667
1126	19.5333
1127	14.4000
1128	14.5000
1129	28.0000
1131	17.2500
1132	15.0000
1133	5.0000
1136	20.6111
1137	20.8000
1141	12.6000
1142	22.5556
1143	10.6667
1144	16.0000
1146	18.8235
1147	20.0000
1148	9.0000
1151	14.0500
1152	18.5000
1153	10.0000
1154	31.0000
1156	20.4444
1157	20.5000
1161	17.5556
1162	20.6667
1163	26.0000
1166	17.8421
1167	23.6667
1171	19.8333
1172	16.2500
1173	22.0000
1176	17.0000
1177	17.5000
1178	13.0000
1179	9.0000
1181	18.4583
1182	20.2500
1186	14.8462
1187	13.5000
1188	11.0000
1191	18.1429
1192	18.6667
1193	18.0000
1196	17.1333
1197	22.7500
1198	28.0000
1201	16.5833
1202	16.0000
1206	14.1818
1207	18.2500
1211	21.6471
1212	21.7500
1216	23.6154
1217	20.0000
1221	15.6522
1222	9.8889
1223	23.7500
1226	16.8000
1227	14.2857
1228	20.6667
1231	14.2941
1232	17.3333
1233	25.6667
1236	21.2778
1237	19.5000
1241	23.5000
1246	16.4286
1247	13.6667
1248	23.5000
1251	17.9000
1252	15.4000
1253	18.0000
1256	16.5000
1257	28.0000
1261	18.5455
1262	11.3333
1263	15.0000
1264	31.0000
1266	16.0000
1267	14.0000
1268	8.0000
1271	13.8571
1272	13.0000
1273	19.0000
1276	21.4286
1277	19.3333
1281	17.5472
1282	20.3571
1283	25.0000
1286	19.5417
1287	14.1000
1288	20.4000
1289	20.0000
1291	18.8039
1292	15.6000
1293	19.0000
1296	16.2500
1297	17.4118
1298	15.1667
1299	9.6667
1300	29.0000
1301	15.2653
1302	19.3529
1303	19.6000
1304	14.0000
1306	18.0000
1307	20.3000
1311	18.3095
1312	13.7000
1313	14.0000
1314	13.0000
1315	21.0000
1316	16.5385
1317	22.2222
1318	14.0000
1321	17.8621
1322	13.6000
1323	15.0000
1326	17.8710
1327	17.0000
1331	17.5652
1332	17.2857
1333	15.6667
1334	8.0000
1336	16.5667
1337	18.0000
1338	19.0000
1341	15.8621
1342	20.0000
1346	16.8621
1347	18.1429
1348	14.3333
1349	15.0000
1351	15.4667
1352	19.6667
1353	5.0000
1354	8.0000
1356	17.8333
1357	21.5000
1358	16.0000
1361	20.2857
1362	18.0000
1363	18.0000
1366	20.9333
1367	21.0000
1371	18.6667
1372	11.3333
1373	10.0000
1376	17.9286
1377	16.5000
1378	21.0000
1379	16.0000
1380	6.0000
1381	18.8125
1382	15.5000
1383	14.0000
1384	30.0000
1386	15.9394
1387	25.1667
1391	16.6757
1392	20.0909
1393	17.5000
1394	11.0000
1396	16.4375
1397	17.6000
1398	23.6667
1401	16.9000
1402	20.7500
1403	25.3333
1406	18.0303
1407	22.8750
1408	28.0000
1411	17.1111
1412	18.5714
1413	11.0000
1416	18.4706
1417	14.0000
1418	9.0000
1419	18.0000
1421	18.5714
1422	14.8000
1423	28.5000
1426	18.8750
1427	16.8571
1428	18.0000
1431	19.6316
1432	22.6000
1433	16.5000
1434	13.0000
1435	33.0000
1436	21.2609
1437	19.0000
1441	15.4211
1442	19.5000
1443	29.0000
1446	17.4762
1447	20.6667
1451	14.7273
1452	15.3333
1453	24.0000
1456	18.1250
1457	15.8333
1458	12.0000
1459	29.0000
1461	16.6800
1462	13.3750
1463	18.3333
1466	17.3571
1467	20.0000
1468	31.0000
1471	22.5000
1472	16.6667
1476	17.2222
1477	30.0000
1481	17.5833
1482	22.0000
1483	18.0000
1486	11.3000
1487	14.2000
1488	31.0000
1491	16.4857
1492	23.0000
1493	8.0000
1494	21.0000
1496	16.9737
1497	17.5833
1498	26.0000
1501	17.7500
1502	16.5556
1503	18.6667
1504	20.0000
1506	16.1250
1507	16.0000
1511	21.2222
1512	25.0000
1516	16.7027
1517	19.2000
1521	21.4857
1522	20.6667
1523	27.0000
1526	17.8378
1527	21.7143
1531	17.6333
1532	17.3750
1533	20.3333
1536	20.6364
1537	23.5000
1538	3.0000
1539	27.0000
1541	20.0345
1542	12.8000
1543	27.5000
1546	16.6296
1547	15.4286
1548	18.5000
1549	29.0000
1551	18.4643
1552	17.5000
1553	26.0000
1556	18.6667
1557	9.0000
1558	27.0000
1561	16.3571
1562	21.1250
1563	18.0000
1566	16.3478
1567	21.2000
1571	19.0000
1572	14.5000
1573	23.0000
1576	19.6471
1577	19.4286
1578	27.0000
1581	18.3023
1582	17.2500
1583	12.5000
1586	20.3429
1587	19.3333
1588	21.0000
1589	24.0000
1591	18.8000
1592	21.0000
1596	19.6486
1597	19.4545
1598	29.0000
1601	16.4242
1602	13.9286
1603	26.1667
1606	18.7949
1607	16.0000
1608	20.6667
1609	13.0000
1611	17.5641



4. Contare quanti corsi di laurea ci sono per ogni dipartimento

1	10
2	4
3	4
4	9
5	4
6	6
7	7
8	8
9	5
10	8
11	3
12	7


1. Selezionare tutti gli studenti nati nel 1990 (160)
SELECT *
FROM students
WHERE YEAR(date_of_birth) = '1990-%';


 2. Selezionare tutti i corsi che valgono più di 10 crediti (479)
SELECT *
FROM courses
WHERE cfu > 10;

 3. Selezionare tutti gli studenti che hanno più di 30 anni



 4. Selezionare tutti i corsi del primo semestre del primo anno di un qualsiasi corso di
 laurea (286)
 SELECT *
 FROM courses
 WHERE year = 1 AND period = 'I semestre'



 5. Selezionare tutti gli appelli d'esame che avvengono nel pomeriggio (dopo le 14) del
 20/06/2020 (21)

 6. Selezionare tutti i corsi di laurea magistrale (38)
 SELECT *
FROM degrees
WHERE level = 'magistrale';

 7. Da quanti dipartimenti è composta l'università? (12)
SELECT COUNT(*)
FROM departments;

 8. Quanti sono gli insegnanti che non hanno un numero di telefono? (50)
 SELECT COUNT(*)
 FROM teachers
 WHERE phone IS NULL;